CEND
BEGIN BULK
$$
GRID        1000        25.000554.800192     0.0
GRID        1001        25.000559.600144     0.0
GRID        1002        25.00055 14.4001     0.0
GRID        1003        25.0005519.20005     0.0
GRID        1004         30.00054.800192     0.0
GRID        1005         30.00059.600144     0.0
GRID        1006         30.0005 14.4001     0.0
GRID        1007         30.000519.20005     0.0
GRID        1008        35.000454.800192     0.0
GRID        1009        35.000459.600144     0.0
GRID        1010        35.00045 14.4001     0.0
GRID        1011        35.0004519.20005     0.0
GRID        1012         40.00044.800192     0.0
GRID        1013         40.00049.600144     0.0
GRID        1014         40.0004 14.4001     0.0
GRID        1015         40.000419.20005     0.0
GRID        1016        45.000354.800192     0.0
GRID        1017        45.000359.600144     0.0
GRID        1018        45.00035 14.4001     0.0
GRID        1019        45.0003519.20005     0.0
GRID        1020         50.00034.800192     0.0
GRID        1021         50.00039.600144     0.0
GRID        1022         50.0003 14.4001     0.0
GRID        1023         50.000319.20005     0.0
GRID        1024        55.000254.800192     0.0
GRID        1025        55.000259.600144     0.0
GRID        1026        55.00025 14.4001     0.0
GRID        1027        55.0002519.20005     0.0
GRID        1028         60.00024.800192     0.0
GRID        1029         60.00029.600144     0.0
GRID        1030         60.0002 14.4001     0.0
GRID        1031         60.000219.20005     0.0
GRID        1032        65.000154.800192     0.0
GRID        1033        65.000159.600144     0.0
GRID        1034        65.00015 14.4001     0.0
GRID        1035        65.0001519.20005     0.0
GRID        1036         70.00014.800192     0.0
GRID        1037         70.00019.600144     0.0
GRID        1038         70.0001 14.4001     0.0
GRID        1039         70.000119.20005     0.0
GRID        1040        75.000054.800192     0.0
GRID        1041        75.000059.600144     0.0
GRID        1042        75.00005 14.4001     0.0
GRID        1043        75.0000519.20005     0.0
GRID        1044            20.0-1.7E-15     0.0
GRID        1045            25.0-1.6E-15     0.0
GRID        1046            30.0-1.4E-15     0.0
GRID        1047            35.0-1.3E-15     0.0
GRID        1048            40.0-1.1E-15     0.0
GRID        1049            45.0-1.0E-15     0.0
GRID        1050            50.0-8.8E-16     0.0
GRID        1051            55.0 -7.E-16     0.0
GRID        1052            60.0-5.9E-16     0.0
GRID        1053            65.0-4.4E-16     0.0
GRID        1054            70.0-2.9E-16     0.0
GRID        1055            75.0-1.4E-16     0.0
GRID        1056            20.0    24.0     0.0
GRID        1057            25.0    24.0     0.0
GRID        1058            30.0    24.0     0.0
GRID        1059            35.0    24.0     0.0
GRID        1060            40.0    24.0     0.0
GRID        1061            45.0    24.0     0.0
GRID        1062            50.0    24.0     0.0
GRID        1063            55.0    24.0     0.0
GRID        1064            60.0    24.0     0.0
GRID        1065            65.0    24.0     0.0
GRID        1066            70.0    24.0     0.0
GRID        1067            75.0    24.0     0.0
GRID        1068            20.0     4.8     0.0
GRID        1069            20.0     9.6     0.0
GRID        1070            20.0    14.4     0.0
GRID        1071            20.0    19.2     0.0
GRID        1072            80.0     0.0     0.0
GRID        1073            80.0     4.8     0.0
GRID        1074            80.0     9.6     0.0
GRID        1075            80.0    14.4     0.0
GRID        1076            80.0    19.2     0.0
GRID        1077            80.0    24.0     0.0
$$
CQUAD4      1000       1    1077    1067    1043    1076             1.0
CQUAD4      1001       1    1076    1043    1042    1075             1.0
CQUAD4      1002       1    1075    1042    1041    1074             1.0
CQUAD4      1003       1    1074    1041    1040    1073             1.0
CQUAD4      1004       1    1073    1040    1055    1072             1.0
CQUAD4      1005       1    1067    1066    1039    1043             1.0
CQUAD4      1006       1    1043    1039    1038    1042             1.0
CQUAD4      1007       1    1042    1038    1037    1041             1.0
CQUAD4      1008       1    1041    1037    1036    1040             1.0
CQUAD4      1009       1    1040    1036    1054    1055             1.0
CQUAD4      1010       1    1066    1065    1035    1039             1.0
CQUAD4      1011       1    1039    1035    1034    1038             1.0
CQUAD4      1012       1    1038    1034    1033    1037             1.0
CQUAD4      1013       1    1037    1033    1032    1036             1.0
CQUAD4      1014       1    1036    1032    1053    1054             1.0
CQUAD4      1015       1    1065    1064    1031    1035             1.0
CQUAD4      1016       1    1035    1031    1030    1034             1.0
CQUAD4      1017       1    1034    1030    1029    1033             1.0
CQUAD4      1018       1    1033    1029    1028    1032             1.0
CQUAD4      1019       1    1032    1028    1052    1053             1.0
CQUAD4      1020       1    1064    1063    1027    1031             1.0
CQUAD4      1021       1    1031    1027    1026    1030             1.0
CQUAD4      1022       1    1030    1026    1025    1029             1.0
CQUAD4      1023       1    1029    1025    1024    1028             1.0
CQUAD4      1024       1    1028    1024    1051    1052             1.0
CQUAD4      1025       1    1063    1062    1023    1027             1.0
CQUAD4      1026       1    1027    1023    1022    1026             1.0
CQUAD4      1027       1    1026    1022    1021    1025             1.0
CQUAD4      1028       1    1025    1021    1020    1024             1.0
CQUAD4      1029       1    1024    1020    1050    1051             1.0
CQUAD4      1030       1    1062    1061    1019    1023             1.0
CQUAD4      1031       1    1023    1019    1018    1022             1.0
CQUAD4      1032       1    1022    1018    1017    1021             1.0
CQUAD4      1033       1    1021    1017    1016    1020             1.0
CQUAD4      1034       1    1020    1016    1049    1050             1.0
CQUAD4      1035       1    1061    1060    1015    1019             1.0
CQUAD4      1036       1    1019    1015    1014    1018             1.0
CQUAD4      1037       1    1018    1014    1013    1017             1.0
CQUAD4      1038       1    1017    1013    1012    1016             1.0
CQUAD4      1039       1    1016    1012    1048    1049             1.0
CQUAD4      1040       1    1060    1059    1011    1015             1.0
CQUAD4      1041       1    1015    1011    1010    1014             1.0
CQUAD4      1042       1    1014    1010    1009    1013             1.0
CQUAD4      1043       1    1013    1009    1008    1012             1.0
CQUAD4      1044       1    1012    1008    1047    1048             1.0
CQUAD4      1045       1    1059    1058    1007    1011             1.0
CQUAD4      1046       1    1011    1007    1006    1010             1.0
CQUAD4      1047       1    1010    1006    1005    1009             1.0
CQUAD4      1048       1    1009    1005    1004    1008             1.0
CQUAD4      1049       1    1008    1004    1046    1047             1.0
CQUAD4      1050       1    1058    1057    1003    1007             1.0
CQUAD4      1051       1    1007    1003    1002    1006             1.0
CQUAD4      1052       1    1006    1002    1001    1005             1.0
CQUAD4      1053       1    1005    1001    1000    1004             1.0
CQUAD4      1054       1    1004    1000    1045    1046             1.0
CQUAD4      1055       1    1057    1056    1071    1003             1.0
CQUAD4      1056       1    1003    1071    1070    1002             1.0
CQUAD4      1057       1    1002    1070    1069    1001             1.0
CQUAD4      1058       1    1001    1069    1068    1000             1.0
CQUAD4      1059       1    1000    1068    1044    1045             1.0
$
PSHELL         1       1     2.0       1               1                
$
MAT1           1210000.0        0.3                                     
ENDDATA
